peak_times = [
[205374; 205361; 205343; 205294; 205270; 205326; 205336; 205276; 205295; 205314;
205350; 205288; 205312; 205313; 205285; 205323; 205284; 205303; 205287; 205304;
205313; 205275; 205317; 205238; 205270; 205272; 205301; 205283; 205282; 205262;
205247; 205306; 205326; 205299; 205300; 205322; 205301; 205282; 205299; 205272;
205308; 205304; 205264; 205269; 205270; 205286; 205284; 205239; 205327; 205256;
205261; 205262; 205307; 205269; 205260; 205292; 205251; 205282; 205272; 205309;
205308; 205266; 205265; 205253; 205259; 205308; 205269; 205269; 205256; 205245;
205321; 205289; 205291; 205263; 205321; 205287; 205279; 205274; 205272; 205301;
205309; 205238; 205300; 205250; 205286; 205268; 205325; 205307; 205270; 205235;
204996; 205270; 205307; 205238; 205286; 205274; 205295; 205324; 205223; 205280;
]';%2m
[207925; 207949; 207942; 207973; 208014; 207960; 207642; 207948; 207938; 207940;
207913; 207964; 207934; 207949; 207937; 207935; 207978; 207904; 207947; 207961;
207938; 207935; 207950; 207994; 207945; 207962; 207913; 207908; 207908; 207932;
207935; 207941; 207941; 207939; 207966; 207910; 207978; 207959; 207936; 207962;
207990; 208040; 207962; 207988; 207925; 207939; 207954; 207949; 207963; 207932;
207931; 207959; 207934; 207939; 207933; 207969; 207926; 207932; 207952; 207932;
207930; 208017; 207968; 207958; 207974; 207916; 207956; 207951; 207998; 207928;
207982; 207969; 207911; 207929; 207950; 207965; 207956; 207950; 207972; 207924;
207906; 207930; 207943; 207924; 207953; 207958; 207936; 207968; 207947; 207965;
207947; 207937; 207959; 207968; 207972; 207913; 207750; 207946; 207642; 207923;
]'; %4m
[207098; 207116; 207108; 207140; 207142; 207116; 207092; 207106; 207140; 207078;
207132; 207108; 207114; 207092; 207121; 207110; 207120; 207105; 207116; 207150;
207094; 207119; 207087; 207131; 207074; 207120; 207076; 207120; 207106; 207091;
207092; 207113; 207091; 207127; 207088; 207114; 207084; 207142; 207096; 207104;
207081; 207096; 207114; 207089; 207125; 207089; 207089; 207115; 207121; 207080;
207115; 207114; 207072; 207062; 207126; 207111; 207125; 207116; 207108; 207124;
207112; 207109; 207068; 207097; 207115; 207118; 207110; 207111; 207144; 207116;
207122; 207099; 207090; 207096; 207117; 207116; 207118; 207102; 207125; 207119;
207029; 207115; 207118; 207119; 207113; 207106; 207088; 207115; 207111; 207114;
207118; 207090; 207114; 207114; 207080; 207130; 207124; 207112; 207068; 207094;
]'; %3.5m
[206292; 206225; 206255; 206216; 206252; 206268; 206198; 206249; 206244; 206221;
206256; 206214; 206252; 206237; 206241; 206244; 206203; 206307; 206241; 206254;
206269; 206248; 206275; 206256; 206274; 206212; 206243; 206255; 206219; 206262;
206213; 206229; 206270; 206279; 206257; 206180; 206261; 206302; 206290; 206232;
206261; 206233; 206234; 206272; 206272; 206224; 206253; 206234; 206255; 206261;
206231; 206240; 206229; 206193; 206206; 206224; 206207; 206243; 206190; 206260;
206254; 206248; 206260; 206240; 206243; 206254; 206211; 206261; 206190; 206251;
206157; 206264; 206268; 206246; 206223; 206224; 206252; 206245; 206235; 206212;
206271; 206202; 206250; 206235; 206194; 206265; 206208; 206239; 206193; 206204;
206204; 206222; 206240; 206247; 206167; 206236; 206226; 206248; 206244; 206230;
]'; % 3m
[205664; 205684; 205571; 205595; 205675; 205687; 205522; 205568; 205683; 205683;
205683; 205556; 205692; 205659; 205688; 205695; 205548; 205692; 205684; 205683;
205683; 205677; 205689; 205676; 205577; 205578; 205574; 205549; 205671; 205689;
205576; 205600; 205684; 205694; 205582; 205672; 205702; 205639; 205679; 205571;
205619; 205698; 205675; 205687; 205550; 205551; 205685; 205679; 205708; 205562;
205600; 205678; 205679; 205692; 205579; 205570; 205694; 205597; 205630; 205553;
205578; 205690; 205689; 205661; 205526; 205705; 205664; 205574; 205568; 205570;
205680; 205679; 205576; 205582; 205652; 205662; 205676; 205573; 205581; 205656;
205689; 205678; 205680; 205552; 205658; 205693; 205668; 205586; 205520; 205682;
205678; 205580; 205655; 205685; 205693; 205673; 205676; 205660; 205691; 205713;
]'; %2.5m
% [204090; 204443; 204388; 204421; 204402; 204391; 204477; 204391; 204116; 204071;
% 204429; 204097; 204459; 204067; 204102; 204374; 204424; 204408; 204435; 204338;
% 204412; 204450; 204392; 204465; 204336; 204421; 204135; 204224; 204410; 204247;
% 204140; 204312; 204485; 204412; 204387; 204396; 204320; 204429; 204057; 204400;
% 204413; 204426; 204306; 204181; 204379; 204401; 204395; 204094; 204100; 204096;
% 204095; 204415; 204405; 203605; 204433; 204398; 204062; 204398; 204119; 204067;
% 204437; 204117; 204445; 204348; 204031; 204434; 204501; 204181; 204395; 204415;
% 204254; 204405; 204391; 204305; 204098; 203811; 204443; 204405; 204398; 204377;
% 204127; 204413; 204231; 204453; 204255; 204419; 204429; 204363; 204105; 204465;
% 204143; 204419; 204377; 204449; 204425; 204434; 204427; 204289; 204433; 204405;
% ]'; %1.5m bad data
[204114; 204455; 204390; 204067; 204072; 204364; 204237; 204057; 204303; 204351;
204046; 204392; 204337; 204046; 204384; 204057; 204107; 204337; 204396; 204345;
204053; 203700; 204051; 204419; 204076; 204125; 204080; 204106; 204056; 204353;
203603; 204454; 204044; 204107; 204277; 204423; 204368; 204162; 204359; 204379;
204417; 203991; 204378; 204386; 204044; 204287; 204300; 204059; 204255; 204400;
204344; 204091; 204395; 204209; 204369; 204133; 204409; 204081; 204247; 204352;
204345; 204399; 204362; 204105; 204366; 204113; 204043; 204383; 204368; 204177;
204301; 204396; 204056; 204058; 204319; 204393; 204344; 204371; 204262; 204407;
204333; 204339; 204383; 204398; 204397; 204507; 204335; 204385; 204379; 204377;
204096; 204099; 204094; 204369; 204311; 204229; 204097; 204109; 204154; 204080;
]'; %1.5m hopefully better data (wasnt really better)
[203135; 203369; 203371; 203119; 203381; 203291; 203262; 203299; 203281; 203347;
203353; 203347; 203374; 203327; 203291; 203357; 203371; 203291; 203370; 203412;
203341; 203343; 203349; 203341; 203353; 203381; 203369; 203374; 203293; 203383;
203310; 203349; 203355; 203371; 203349; 203370; 203322; 203374; 203377; 203346;
202626; 203086; 203403; 203236; 203133; 203270; 203363; 203117; 203353; 203122;
203389; 203299; 203380; 203355; 203380; 203383; 203371; 203295; 203356; 203345;
202633; 203271; 203384; 203251; 203303; 203287; 203359; 203348; 203345; 203379;
203367; 203357; 203273; 203404; 203355; 203320; 203349; 203358; 203294; 203387;
203381; 203425; 203353; 203383; 203381; 203369; 203345; 203377; 203339; 203379;
203349; 203373; 203321; 203241; 203261; 203358; 203349; 203351; 203387; 203353;
]'; % 1m
[202149; 202527; 202445; 202491; 202415; 202572; 202640; 201979; 201509; 202581;
202517; 202630; 202022; 202635; 202329; 201673; 202021; 202631; 201469; 201853;
202668; 202043; 202585; 202684; 202675; 201975; 202581; 202283; 202703; 202321;
202001; 202641; 202631; 202004; 202543; 202651; 202021; 201839; 202567; 202617;
202682; 202631; 202605; 201998; 201883; 202665; 202629; 202659; 202501; 201922;
202119; 202668; 202633; 202271; 202295; 202151; 202639; 202017; 202662; 202633;
202017; 202011; 202658; 201913; 202655; 202631; 201627; 202353; 202640; 202689;
202635; 202019; 201855; 201808; 202562; 202000; 202691; 202043; 202709; 202653;
202627; 202638; 202679; 202459; 202606; 202353; 202645; 202654; 202638; 202688;
202638; 202701; 202467; 202590; 202633; 202609; 202005; 202335; 201481; 201921;
]'; %0.5m
];

